27
29
26
33
41
20
20
18
31
32
25
35
19
25
27
23
21
27
30
18
20
18
28
20
48
8
24
25
17
17
33
36
31
20
21
23
26
25
23
22
23
26
26
17
6
34
29
24
19
34
26
28
34
15
22
19
20
19
20
28
30
25
25
22
28
23
28
28
16
21
37
29
41
36
27
26
22
29
34
22
26
27
30
20
27
23
25
31
27
28
32
25
19
24
28
19
26
43
17
26
19
21
25
31
29
27
19
24
38
23
25
20
16
25
19
25
16
24
19
24
17
10
19
16
34
31
22
20
16
23
14
19
26
23
18
23
19
29
28
19
25
27
19
28
28
24
30
27
16
25
15
22
29
25
22
14
23
17
19
35
20
17
23
36
25
18
33
29
19
16
17
23
12
34
26
21
27
11
20
30
26
18
13
16
14
22
23
30
25
19
18
23
25
33
30
25
19
28
17
11
42
27
23
26
26
31
24
16
44
31
31
23
23
22
34
37
30
17
21
23
25
25
34
27
40
42
46
12
30
28
32
27
15
29
18
34
49
21
36
21
22
56
38
34
46
49
53
27
38
